80
3314779727
2053785319
2011241808
1341962515
4204407293
611813943
94032018
2245514714
252174038
3694067112
3742300975
3120198878
62085843
352036367
3126028099
4111642604
3621348542
449670839
1392602799
1434898889
2424530947
4199523138
3308432327
2671536557
2564788035
465569745
2333797849
2587598506
1655270922
1680527525
2855310415
2565637389
736039939
41328687
3008608747
438126462
2114874652
2268726375
3369232299
3789349808
2134185590
3546266673
2309498401
2140183125
1722986530
3835918585
3412985535
225720270
4213606247
3173406869
4260341084
2969434816
917197203
2929609320
981624622
798396365
2545590136
2973356105
2064700533
955889301
362989650
3860700595
1866435894
2773195921
1587353375
2561535333
1781866820
3841743788
4102875747
276919688
3665730722
3548360753
3505972336
3398793350
547338762
687513493
1533713075
1374844080
93513382
3321334698
3590633011
1063606519
2643772166
2496072316
267080239
2008762791
2092084924
478735948
2793601644
2944827639
1661885365
2752932703
2927114525
2309323863
3164521979
2159703376
3721954804
3092281951
2248259158
3488498891
924751313
1333325426
2684362723
2644484607
3851502460
556361776
2093646924
3473060284
214464179
2830986837
2658586370
3459954658
137943187
2776395177
3914360248
3890443226
694240861
3139197840
2458564970
508588860
2755005408
686788774
661701460
2707696441
4094751847
3544721072
1200604305
533461107
3449680640
3502623892
837833692
3874307748
2045652208
4066242299
3405075557
3546183454
2741733827
1307956373
3613144664
2563713346
3180901319
3877234605
3249607433
4108461056
4144177004
3409401699
744043375
188675847
4270745246
2600300845
2244627298
166314308
1130654385
2523507692
2429167465
4043814509
102580109
4189092433
853720412
2672002013
3487356023
1810674217
2333636607
1340079551
4201386308
752835005
3860676054
2796410322
1438562955
2012151343
2878830987
2248555612
981633963
509582813
2209896869
4225284896
3605596728
799476731
3223158101
241703558
1944512312
3923604037
3978800605
881565384
3234425234
2718406173
398361579
782585181
2766395713
1909403529
3977579628
2162007385
3479830959
2654715139
1884260562
1268491603
801779868
242956881
2498938977
1400196397
327382897
2536945615
1654930685
2358657747
3609839402
3936420849
1605252274
3044712242
69191342
2009114546
461598560
759202731
478962744
3081783815
62716415
2850121312
242418030
2811747686
2686469161
3337342685
887426137
1268043035
2568925612
366148796
3943206926
771621267
901773863
1745751206
1084972452
191009424
4209703736
4241897884
2079589635
2263763076
1149191641
2910688336
2950965136
2541925373
4138056204
3743493021
2350023778
2162431918
4142761543
2343953397
2115252260
3485125304
3396199398
803552978
1797689394
1845667082
878675625
1036843876
2197826229
3578238895
94786121
1396778
946513968
4061633203
3923742834
3156643354
2622420805
2721250691
1970269655
1447283140
2462544521
1076249321
1006111967
3121796540
507755833
1242473178
1450051975
1572461592
1992556297
2560855455
1090612252
3562935636
2840380380
1657069271
4167562554
4219542816
1103936908
1967781430
2316925399
2662585138
4049294823
4081246288
2121237818
3449577270
2474436387
4272915024
4142023515
3148893308
2293174185
3729597960
3544539369
139014689
4052792802
156097987
4220026708
954861712
3616746503
3822262442
2630846274
284761987
4265256824
1248131142
1380935276
2159123636
2599439131
4257735806
3511747391
514609941
3107432906
3770600928
305495312
784145193
1636159798
575279912
1324575681
4045727130
2374262650
2871191631
3498924383
2695983367
795303107
1070330629
430255667
1655645480
1732239147
1425171312
340311317
2540555645
1719554667
3562987845
2412182429
1449897065
3538669770
374132486
987055631
3607706190
58252398
1928044971
2344547153
2239592665
942847486
2369604459
464519731
4023840940
927216757
2422051211
3568608786
2429439021
2379756463
770719944
1109895765
1966416625
262226948
1584871646
4259448179
3287873220
1879178448
2382200767
2428773028
2426203483
387233139
1542815570
3026117327
3909395050
3401029429
919689964
884166826
3706984379
3123787572
3403962101
921463235
4261741383
7897541
2306216949
936210418
846289499
4027850533
3845748313
3526810377
4126404962
3221058901
3563687835
3107840891
3408632603
2116873345
3702352720
2599182537
230554405
1386665567
3608736844
1808425804
4025581520
2238149668
264505417
1098768034
936326169
2105637820
3006441114
1189854235
49130499
385341866
1283836657
1971273433
1384684943
3553770463
2228701409
3823269163
3001800407
3570651427
3100268689
1704864705
3840979670
1531223135
3321989911
2900864976
1306509195
3095167424
4006232693
1425007148
760375391
1250618804
3226098449
3291686018
4228690273
663307988
1737413812
3437015121
535208432
146073125
1059776247
936224583
2900964016
785297679
639989544
303483108
2335270265
2590529929
1834457906
1876388576
3890048465
646249945
1393805776
2207794978
2964839910
1650715224
3669192713
2041229493
1740025105
1576396243
3649153162
139276731
2780313471
3912427755
471697569
874645795
3610643236
2151279972
2706117024
2979931373
4190443287
3088017301
2382077838
3268696820
1592450822
893663050
3493066938
2212081775
2519300452
3039702212
1159017805
1905913686
3844057114
2104515901
3324086629
3997042153
1669807290
2189470046
3144469789
4034162954
3328290909
3517591292
337088354
2624748741
3097933683
3636584646
416051428
2688882063
2618649426
885385593
1864080058
3658849433
66633426
3512781172
3597551976
1022033996
2174175004
2884379196
2178223596
239297106
2514271589
1798036243
1872544601
3891570166
2257009666
2685741154
3100505139
857779730
794880876
3911049130
1629146602
2441143370
3318571376
3431819696
2525007166
604937415
1117205936
2212972514
449643030
1792718190
3611823662
2084926233
264592572
293359538
159284016
655140707
2827209306
608021795
509359350
2943399027
2156522780
4004228729
3062532226
2575119727
2500494661
695642221
582457450
303804713
2072876342
897047320
3262392507
2058204566
3779450152
1286194890
3178148027
3354254476
3311000237
2815042246
249966892
400964781
3006387356
1649738052
3637579682
2306458429
652061078
2281994527
2369663422
2146258841
1057001182
3978852679
2420120645
3656868727
3988926363
28990991
450451186
4109860570
481551589
51829123
2787162930
1447791625
1822387025
929405901
3160184553
2448742411
1562307572
2533784680
2135735626
187074702
1724385250
4290964176
576640380
2533497930
2472870248
1157982862
988903730
3471617740
2103884917
1233157827
638248188
2871450405
2738458314
2423828525
163939781
2132392077
379696383
3839978779
2212279726
3599074997
3572072102
2437861941
3552762907
3804883951
1061268676
3670771116
3061783184
863455734
2068029334
2994476278
2855992412
269844033
3646697514
2449292120
718161583
1054604339
1850133217
3242041152
2596833191
1792621096
906095211
1431144444
1051068380
