574
1325574897
2307805622
3770853468
1758397365
3439493390
2369130828
3509160010
2885611874
543561278
1330598873
3300206059
508020894
748705689
286867298
491115697
789138477
2690503695
1395083035
294004350
660156624
1972591469
1835060318
1144838846
206904006
3887403591
2081885324
3447692953
2595761277
3428660713
134534494
464986958
236795365
4012162197
3388364710
1460007594
1756260427
2745817172
1416496887
673543706
254766787
3487974993
2589666849
1826517806
2588251910
242237158
2055270870
1130070067
3901707961
4101505064
3987870301
1350974634
245508234
457597027
4161877569
919205363
860388187
2285286804
2789176069
1400728962
1621006270
715993681
1465980742
1726325301
1769706532
1369275655
3668631361
3100575763
1949847721
3821042118
3281130914
1457392460
3312217935
2729079824
2287171501
2113031511
511786529
755926820
1968109840
1542257475
327893508
3745250967
1642774786
2290341389
1021090652
2271406463
1397191047
721464861
2326560348
2452190575
3319003099
3806066633
2610800048
1389743614
4048689639
4067999670
1861615507
3337488303
2774459387
779323821
2625112391
1516306575
500760912
372178481
1831080496
450603038
3292963955
2886823052
1373591203
813232438
2273079168
2750126484
92027264
229970799
2118596664
3648248687
2034757251
1976136793
2202426594
1296336977
2501720199
854067019
20386411
3431904624
2270570149
502590990
3705247613
1929353609
2360899279
1147001875
226825979
129367080
1117606055
4114325870
505457146
4018511455
1060321147
3803277476
3916928476
1173145266
2621390651
1199782380
34555994
4151865956
1755537683
3270084098
3975785232
2590822994
107577344
3053497318
1845468769
2402876086
2321672118
3761074724
614023871
2613369273
4019371540
3444765888
1298878043
3466669231
3720132781
790316199
1145500714
1729834325
2464309581
41098457
3387971265
3581004987
1071709735
4114671167
360735000
1689429092
2647712757
2095440200
2244255016
4135845509
1653664850
3930834447
718603034
3631118101
2616009640
3903139978
3396030340
1374903876
3239431440
481468942
344472132
3483825537
3418364911
2944610396
3398207844
1309099209
2605095946
2385599833
3045869278
888972942
2742440744
335676233
1180472416
1105731904
1386515815
3031917202
3042133810
596395596
989819308
2391515179
1650658159
3808835364
1681498637
998749914
144084968
4075791767
916758514
1628802086
3493349209
3514590173
3982046839
3689632694
3459388929
1299931952
2109792088
1312162265
818078346
2693030135
2771086058
1290522620
788864510
3023440813
2457089946
1413912866
1184917034
1179715148
1091331012
2040700975
1395381272
3734696705
3589737872
216561865
403400926
3765413895
119297405
1615602249
3045351341
3737981060
2776019591
2643997546
1208625595
1000043342
3958974016
337220253
1895401792
606276157
1868609374
1352946030
1715254427
521214491
3246420237
1819324702
1547087316
454946305
72707728
2065647256
799932274
1757540751
245315992
104271461
766752001
3260088263
3798360591
1354236775
3029622142
1956421676
3299364720
629353573
100871798
2890280723
2830701515
301876651
3113670410
2099707197
2185858166
1708198260
2042534205
3854913801
3756271250
1475662001
2020650923
1371852426
3252042618
3915264532
1407235606
3330962495
1513079122
1021346325
1750451622
1893599453
1065740995
1386031334
647963314
196571466
1055401955
3536255852
295478023
2752000850
1008795503
3215125562
1523289663
801736089
3931057764
1483109470
271177603
476365518
2952285719
469077847
2822598627
1715035395
4049867399
4001994858
1696420362
3939512904
3900457888
1634624512
2269886735
2277154872
1923072726
1689531650
2818239895
1289669384
2078653144
2573038594
3455669111
2271377852
2167124868
1008619456
1153317979
1037080167
1142071419
3704443996
2488617707
1708845163
4026360319
891058089
3329087333
447878031
3597654266
606267645
2456918439
2971033123
2854015148
2982864227
1433072788
1986207894
325412565
2189220055
173223947
2559027441
3808102955
2582549954
989812960
469321910
540664039
3739850550
2773459604
2662723387
174708993
133158642
3666514762
3191045374
3125692232
343176023
1006367263
3075499489
669042923
1288342555
591239000
1700691682
1177580407
2064682789
2083015954
2610785239
2844453516
1852355863
185311807
1136030729
1413357056
482288147
332990549
1280619281
2865782369
2916410487
46738658
2685990830
1641292016
1264276809
1808184575
2069856311
2488138054
1171623593
2658129240
3147254744
1585792449
2337304887
3026325155
2534315952
2633483911
1793883342
1664366602
1649140766
1774462870
1805761123
3362724942
874070883
2355299378
3250344887
2453914732
3897536702
2220463175
3318206745
4114934278
759568151
3607764568
3738446334
802757788
2046700965
2932409849
1704247604
1217581759
2954398746
3856066280
660886045
4177823277
1753128534
740525379
656236528
1922782241
288511475
279927055
3719437263
577151228
3105981919
75103924
3617256869
2840039236
2831218266
4019641513
959157408
2133599829
3435080164
3333490046
1074104285
1653394801
1236002963
3782229579
1792738878
1170971321
2793798500
1472587587
380149367
3062874828
1591659425
3386939410
1096016478
1452652662
992644722
1361773768
2979743047
3939104585
4260689957
534911167
2861467100
3188525069
1370925626
1429599503
2791860024
862151480
1226283487
4080774113
210369411
340088363
2689013810
4233434573
1064306831
3005353630
3546740082
1686684125
3520537662
3514126873
3384377896
3214875875
3561207741
3264140558
1630807792
2753216979
988295330
2228611943
2459402102
1521858750
3434864612
511823363
59127033
3105562468
290963525
2832293739
596283186
449605231
157099629
2937707950
2466537184
4262770219
1342428453
2753962531
3552105166
2424523622
677032281
3548369763
4226767728
1598086140
1278646031
1246282763
2994808040
738880160
2816291179
1601476271
3505077716
786293316
1677102604
952704351
2924516613
3695594687
2089049070
594753445
2094201182
1767063531
4229933157
2479184896
229050762
819474609
1638902893
461637228
441435768
3117460008
3777032786
749346636
63719557
352795748
4135401928
2683568358
787324347
2761719581
3603302923
2966210825
743269803
2396376916
2735243527
2151337266
3061478908
2933468493
2282725902
3818079592
3005947887
89013286
3194591322
4274446901
234811420
800365408
179320713
2642667192
2103462310
653548462
3871078692
2742207131
2101961651
1982422662
784460084
3037968475
2282474736
2704504217
4156573566
1059375598
3993501345
2148547113
2765225968
1293530308
2477600260
1323917239
2810858962
3812393628
2355659491
4069177006
157394551
1028353954
2806668864
3019773226
1642589492
2829053813
2108269091
3023315955
284725461
26396326
1070541447
3824543584
594386308
3407603969
921320439
805428183
1833530917
1474883024
4235345582
1107788016
3856086710
3560200906
4026817753
950672870
1292664281
2805259823
4183409835
3886199204
632290919
3665680663
2755132637
966463057
1745611722
2701365929
2279742800
3983602714
